0	1	   1.0	   0.0	0.0067	0.0824	-2.1	0.00675675675676
0	1	   1.0	   0.0	0.0067	0.0824	-2.08	0.00675675675676
0	1	   1.0	   0.0	0.0067	0.0824	-2.06	0.00675675675676
1	3	  0.75	0.00009	0.0202	0.1231	-2.04	0.020176196893
1	3	  0.75	0.00009	0.0202	0.1231	-2.02	0.020176196893
1	3	  0.75	0.00009	0.0202	0.1231	-2.0	0.020176196893
1	3	  0.75	0.00009	0.0202	0.1231	-1.98	0.020176196893
1	3	  0.75	0.00009	0.0202	0.1231	-1.96	0.020176196893
1	4	   0.8	0.00009	0.0270	0.1470	-1.94	0.0269329536498
1	4	   0.8	0.00009	0.0270	0.1470	-1.92	0.0269329536498
1	4	   0.8	0.00009	0.0270	0.1470	-1.9	0.0269329536498
1	4	   0.8	0.00009	0.0270	0.1470	-1.88	0.0269329536498
2	5	0.7142	0.0001	0.0337	0.1550	-1.86	0.0335956370293
2	5	0.7142	0.0001	0.0337	0.1550	-1.84	0.0335956370293
2	6	  0.75	0.0001	0.0405	0.1742	-1.82	0.0403523937861
2	6	  0.75	0.0001	0.0405	0.1742	-1.8	0.0403523937861
2	7	0.7777	0.0001	0.0472	0.1917	-1.78	0.0471091505428
2	7	0.7777	0.0001	0.0472	0.1917	-1.76	0.0471091505428
2	9	0.8181	0.0001	0.0608	0.2232	-1.74	0.0606226640563
2	10	0.8333	0.0001	0.0675	0.2375	-1.72	0.0673794208131
2	13	0.8666	0.0001	0.0878	0.2764	-1.7	0.0876496910834
2	15	0.8823	0.0001	0.1013	0.2997	-1.68	0.101163204597
2	16	0.8888	0.0001	0.1081	0.3107	-1.66	0.107919961354
2	16	0.8888	0.0001	0.1081	0.3107	-1.64	0.107919961354
2	17	0.8947	0.0001	0.1148	0.3214	-1.62	0.11467671811
2	17	0.8947	0.0001	0.1148	0.3214	-1.6	0.11467671811
2	18	   0.9	0.0001	0.1216	0.3317	-1.58	0.121433474867
2	19	0.9047	0.0001	0.1283	0.3418	-1.56	0.128190231624
2	19	0.9047	0.0001	0.1283	0.3418	-1.54	0.128190231624
2	19	0.9047	0.0001	0.1283	0.3418	-1.52	0.128190231624
2	20	0.9090	0.0001	0.1351	0.3515	-1.5	0.134946988381
2	20	0.9090	0.0001	0.1351	0.3515	-1.48	0.134946988381
2	21	0.9130	0.0001	0.1418	0.3611	-1.46	0.141703745137
2	21	0.9130	0.0001	0.1418	0.3611	-1.44	0.141703745137
2	22	0.9166	0.0001	0.1486	0.3703	-1.42	0.148460501894
2	23	  0.92	0.0001	0.1554	0.3794	-1.4	0.155217258651
2	25	0.9259	0.0001	0.1689	0.3969	-1.38	0.168730772164
2	26	0.9285	0.0001	0.1756	0.4053	-1.36	0.175487528921
3	26	0.8965	0.0002	0.1756	0.3981	-1.34	0.175393455544
3	26	0.8965	0.0002	0.1756	0.3981	-1.32	0.175393455544
3	28	0.9032	0.0002	0.1891	0.4148	-1.3	0.188906969057
3	30	0.9090	0.0002	0.2027	0.4308	-1.28	0.202420482571
3	32	0.9142	0.0002	0.2162	0.4463	-1.26	0.215933996085
4	33	0.8918	0.0003	0.2229	0.4475	-1.24	0.222596679464
4	35	0.8974	0.0003	0.2364	0.4624	-1.22	0.236110192978
4	36	   0.9	0.0003	0.2432	0.4696	-1.2	0.242866949734
4	39	0.9069	0.0003	0.2635	0.4908	-1.18	0.263137220005
4	41	0.9111	0.0003	0.2770	0.5045	-1.16	0.276650733518
4	43	0.9148	0.0003	0.2905	0.5178	-1.14	0.290164247032
4	44	0.9166	0.0003	0.2972	0.5243	-1.12	0.296921003788
4	47	0.9215	0.0003	0.3175	0.5435	-1.1	0.317191274059
4	48	0.9230	0.0003	0.3243	0.5497	-1.08	0.323948030815
4	48	0.9230	0.0003	0.3243	0.5497	-1.06	0.323948030815
4	48	0.9230	0.0003	0.3243	0.5497	-1.04	0.323948030815
4	49	0.9245	0.0003	0.3310	0.5559	-1.02	0.330704787572
4	49	0.9245	0.0003	0.3310	0.5559	-1.0	0.330704787572
4	53	0.9298	0.0003	0.3581	0.5799	-0.98	0.357731814599
4	54	0.9310	0.0003	0.3648	0.5858	-0.96	0.364488571356
4	56	0.9333	0.0003	0.3783	0.5974	-0.94	0.378002084869
4	58	0.9354	0.0003	0.3918	0.6087	-0.92	0.391515598383
4	60	0.9375	0.0003	0.4054	0.6199	-0.9	0.405029111896
4	61	0.9384	0.0003	0.4121	0.6254	-0.88	0.411785868653
4	61	0.9384	0.0003	0.4121	0.6254	-0.86	0.411785868653
4	61	0.9384	0.0003	0.4121	0.6254	-0.84	0.411785868653
4	62	0.9393	0.0003	0.4189	0.6308	-0.82	0.41854262541
5	63	0.9264	0.0004	0.4256	0.6314	-0.8	0.42520530879
5	65	0.9285	0.0004	0.4391	0.6422	-0.78	0.438718822303
5	68	0.9315	0.0004	0.4594	0.6580	-0.76	0.458989092573
5	71	0.9342	0.0004	0.4797	0.6735	-0.74	0.479259362844
5	73	0.9358	0.0004	0.4932	0.6836	-0.72	0.492772876357
5	75	0.9375	0.0004	0.5067	0.6936	-0.7	0.506286389871
5	75	0.9375	0.0004	0.5067	0.6936	-0.68	0.506286389871
5	76	0.9382	0.0004	0.5135	0.6985	-0.66	0.513043146627
6	77	0.9277	0.0005	0.5202	0.6991	-0.64	0.519705830007
6	77	0.9277	0.0005	0.5202	0.6991	-0.62	0.519705830007
6	79	0.9294	0.0005	0.5337	0.7088	-0.6	0.53321934352
7	80	0.9195	0.0006	0.5405	0.7094	-0.58	0.5398820269
7	83	0.9222	0.0006	0.5608	0.7238	-0.56	0.56015229717
7	86	0.9247	0.0006	0.5810	0.7379	-0.54	0.58042256744
7	87	0.9255	0.0006	0.5878	0.7426	-0.52	0.587179324197
7	88	0.9263	0.0006	0.5945	0.7472	-0.5	0.593936080954
7	89	0.9270	0.0006	0.6013	0.7518	-0.48	0.600692837711
7	92	0.9292	0.0006	0.6216	0.7654	-0.46	0.620963107981
7	93	  0.93	0.0006	0.6283	0.7699	-0.44	0.627719864738
7	93	  0.93	0.0006	0.6283	0.7699	-0.42	0.627719864738
7	94	0.9306	0.0006	0.6351	0.7743	-0.4	0.634476621494
7	94	0.9306	0.0006	0.6351	0.7743	-0.38	0.634476621494
7	95	0.9313	0.0006	0.6418	0.7788	-0.36	0.641233378251
7	96	0.9320	0.0006	0.6486	0.7832	-0.34	0.647990135008
7	99	0.9339	0.0006	0.6689	0.7963	-0.32	0.668260405278
8	101	0.9266	0.0007	0.6824	0.8011	-0.3	0.681679845415
8	102	0.9272	0.0007	0.6891	0.8054	-0.28	0.688436602171
8	103	0.9279	0.0007	0.6959	0.8097	-0.26	0.695193358928
8	103	0.9279	0.0007	0.6959	0.8097	-0.24	0.695193358928
10	104	0.9122	0.0009	0.7027	0.8066	-0.22	0.70176196893
10	104	0.9122	0.0009	0.7027	0.8066	-0.2	0.70176196893
10	105	0.9130	0.0009	0.7094	0.8109	-0.18	0.708518725687
10	105	0.9130	0.0009	0.7094	0.8109	-0.16	0.708518725687
11	105	0.9051	0.0010	0.7094	0.8073	-0.14	0.70842465231
11	107	0.9067	0.0010	0.7229	0.8158	-0.12	0.721938165823
11	107	0.9067	0.0010	0.7229	0.8158	-0.1	0.721938165823
12	107	0.8991	0.0011	0.7229	0.8123	-0.08	0.721844092446
12	108	   0.9	0.0011	0.7297	0.8165	-0.06	0.728600849203
12	109	0.9008	0.0011	0.7364	0.8207	-0.04	0.73535760596
14	109	0.8861	0.0013	0.7364	0.8139	-0.02	0.735169459205
15	112	0.8818	0.0014	0.7567	0.8231	0.0	0.755345656098
15	113	0.8828	0.0014	0.7635	0.8272	0.02	0.762102412855
16	113	0.8759	0.0015	0.7635	0.8240	0.04	0.762008339478
19	115	0.8582	0.0017	0.7770	0.8227	0.06	0.77523963286
20	115	0.8518	0.0018	0.7770	0.8196	0.08	0.775145559482
20	116	0.8529	0.0018	0.7837	0.8237	0.1	0.781902316239
22	116	0.8405	0.0020	0.7837	0.8176	0.12	0.781714169485
23	116	0.8345	0.0021	0.7837	0.8146	0.14	0.781620096107
24	117	0.8297	0.0022	0.7905	0.8158	0.16	0.788282779487
27	117	0.8125	0.0025	0.7905	0.8071	0.18	0.788000559355
29	117	0.8013	0.0027	0.7905	0.8014	0.2	0.787812412601
30	117	0.7959	0.0028	0.7905	0.7986	0.22	0.787718339224
31	118	0.7919	0.0029	0.7972	0.8000	0.24	0.794381022603
33	118	0.7814	0.0031	0.7972	0.7946	0.26	0.794192875849
35	119	0.7727	0.0032	0.8040	0.7934	0.28	0.800761485851
37	122	0.7672	0.0034	0.8243	0.8006	0.3	0.820843609367
38	123	0.7639	0.0035	0.8310	0.8022	0.32	0.827506292746
39	124	0.7607	0.0036	0.8378	0.8037	0.34	0.834168976126
40	124	0.7560	0.0037	0.8378	0.8012	0.36	0.834074902748
40	124	0.7560	0.0037	0.8378	0.8012	0.38	0.834074902748
40	125	0.7575	0.0037	0.8445	0.8053	0.4	0.840831659505
40	125	0.7575	0.0037	0.8445	0.8053	0.42	0.840831659505
40	125	0.7575	0.0037	0.8445	0.8053	0.44	0.840831659505
40	125	0.7575	0.0037	0.8445	0.8053	0.46	0.840831659505
42	125	0.7485	0.0039	0.8445	0.8004	0.48	0.840643512751
44	125	0.7396	0.0041	0.8445	0.7955	0.5	0.840455365996
45	126	0.7368	0.0042	0.8513	0.7972	0.52	0.847118049376
48	126	0.7241	0.0045	0.8513	0.7902	0.54	0.846835829244
48	126	0.7241	0.0045	0.8513	0.7902	0.56	0.846835829244
49	128	0.7231	0.0046	0.8648	0.7960	0.58	0.86025526938
53	128	0.7071	0.0049	0.8648	0.7869	0.6	0.859878975871
55	129	0.7010	0.0051	0.8716	0.7866	0.62	0.866447585874
57	129	0.6935	0.0053	0.8716	0.7822	0.64	0.866259439119
59	129	0.6861	0.0055	0.8716	0.7780	0.66	0.866071292365
64	129	0.6683	0.0060	0.8716	0.7676	0.68	0.865600925479
66	129	0.6615	0.0062	0.8716	0.7636	0.7	0.865412778724
66	129	0.6615	0.0062	0.8716	0.7636	0.72	0.865412778724
70	129	0.6482	0.0065	0.8716	0.7557	0.74	0.865036485215
77	129	0.6262	0.0072	0.8716	0.7424	0.76	0.864377971575
82	130	0.6132	0.0077	0.8783	0.7374	0.78	0.870664361445
86	131	0.6036	0.0080	0.8851	0.7343	0.8	0.877044824693
92	131	0.5874	0.0086	0.8851	0.7241	0.82	0.87648038443
102	131	0.5622	0.0095	0.8851	0.7080	0.84	0.875539650657
110	131	0.5435	0.0103	0.8851	0.6958	0.86	0.874787063639
116	131	0.5303	0.0109	0.8851	0.6871	0.88	0.874222623376
130	131	0.5019	0.0122	0.8851	0.6679	0.9	0.872905596095
145	132	0.4765	0.0136	0.8918	0.6528	0.92	0.878251252193
161	132	0.4505	0.0151	0.8918	0.6341	0.94	0.876746078157
188	132	0.4125	0.0176	0.8918	0.6058	0.96	0.874206096972
224	132	0.3707	0.0210	0.8918	0.5732	0.98	0.870819455391
276	132	0.3235	0.0259	0.8918	0.5338	1.0	0.865927639775
387	133	0.2557	0.0364	0.8986	0.4735	1.02	0.862242251659
455	134	0.2275	0.0428	0.9054	0.4467	1.04	0.862602018764
530	135	0.2030	0.0498	0.9121	0.4219	1.06	0.862303272228
640	135	0.1741	0.0602	0.9121	0.3883	1.08	0.851955200732
790	136	0.1468	0.0743	0.9189	0.3550	1.1	0.844600950904
965	137	0.1243	0.0907	0.9256	0.3247	1.12	0.834894866645
1159	138	0.1063	0.1090	0.9324	0.2983	1.14	0.823401388218
1376	138	0.0911	0.1294	0.9324	0.2726	1.16	0.802987465358
1637	138	0.0777	0.1539	0.9324	0.2477	1.18	0.7784343139
1939	139	0.0668	0.1824	0.9391	0.2266	1.2	0.756780910732
2297	139	0.0570	0.2160	0.9391	0.2045	1.22	0.723102641682
2682	139	0.0492	0.2523	0.9391	0.1851	1.24	0.686884391447
3067	139	0.0433	0.2885	0.9391	0.1688	1.26	0.650666141212
3436	139	0.0388	0.3232	0.9391	0.1554	1.28	0.615953065012
3823	139	0.0350	0.3596	0.9391	0.1431	1.3	0.579546668023
4191	140	0.0323	0.3942	0.9459	0.1342	1.32	0.551684421957
4551	140	0.0298	0.4281	0.9459	0.1248	1.34	0.517818006153
4919	141	0.0278	0.4627	0.9527	0.1176	1.36	0.489955760087
5237	141	0.0262	0.4926	0.9527	0.1105	1.38	0.460040426127
5549	142	0.0249	0.5220	0.9594	0.1055	1.4	0.437446289187
5821	142	0.0238	0.5476	0.9594	0.1000	1.42	0.411858330579
6108	142	0.0227	0.5746	0.9594	0.0944	1.44	0.384859271313
6417	142	0.0216	0.6036	0.9594	0.0886	1.46	0.355790597747
6670	142	0.0208	0.6274	0.9594	0.0840	1.48	0.331990033307
6927	142	0.0200	0.6516	0.9594	0.0794	1.5	0.307813175358
7177	142	0.0194	0.6751	0.9594	0.0750	1.52	0.284294831049
7424	142	0.0187	0.6984	0.9594	0.0707	1.54	0.261058706872
7654	142	0.0182	0.7200	0.9594	0.0667	1.56	0.239421830109
7872	144	0.0179	0.7405	0.9729	0.0666	1.58	0.232427347385
8042	144	0.0175	0.7565	0.9729	0.0637	1.6	0.216434873255
8216	144	0.0172	0.7729	0.9729	0.0608	1.62	0.200066105616
8388	144	0.0168	0.7890	0.9729	0.0578	1.64	0.183885484732
8581	144	0.0165	0.8072	0.9729	0.0545	1.66	0.165729322926
8754	144	0.0161	0.8235	0.9729	0.0515	1.68	0.149454628664
8930	144	0.0158	0.8400	0.9729	0.0483	1.7	0.132897714271
9084	144	0.0156	0.8545	0.9729	0.0455	1.72	0.118410414177
9220	144	0.0153	0.8673	0.9729	0.0429	1.74	0.105616434873
9342	144	0.0151	0.8788	0.9729	0.0405	1.76	0.0941394828507
9466	144	0.0149	0.8904	0.9729	0.0380	1.78	0.0824743840736
9560	144	0.0148	0.8993	0.9729	0.0361	1.8	0.0736314866136
9668	144	0.0146	0.9095	0.9729	0.0337	1.82	0.0634715618723
9770	144	0.0145	0.9190	0.9729	0.0314	1.84	0.0538760773944
9858	144	0.0143	0.9273	0.9729	0.0293	1.86	0.0455976201978
9956	144	0.0142	0.9365	0.9729	0.0268	1.88	0.0363784292289
10018	145	0.0142	0.9424	0.9797	0.0286	1.9	0.0373026365971
10080	145	0.0141	0.9482	0.9797	0.0270	1.92	0.0314700872086
10142	145	0.0140	0.9540	0.9797	0.0254	1.94	0.02563753782
10203	145	0.0140	0.9598	0.9797	0.0237	1.96	0.0198990618088
10246	145	0.0139	0.9638	0.9797	0.0224	1.98	0.0158539065877
10289	145	0.0138	0.9679	0.9797	0.0211	2.0	0.0118087513666
10334	145	0.0138	0.9721	0.9797	0.0196	2.02	0.00757544939107
10364	145	0.0137	0.9749	0.9797	0.0185	2.04	0.00475324807404
10399	145	0.0137	0.9782	0.9797	0.0172	2.06	0.00146067987084
10421	145	0.0137	0.9803	0.9797	0.0164	2.08	0.000608934428314
10445	145	0.0136	0.9825	0.9797	0.0154	2.1	0.00286669548194
10468	145	0.0136	0.9847	0.9797	0.0144	2.12	0.00503038315832
10486	145	0.0136	0.9864	0.9797	0.0135	2.14	0.00672370394854
10508	145	0.0136	0.9885	0.9797	0.0124	2.16	0.00879331824769
10529	145	0.0135	0.9904	0.9797	0.0113	2.18	0.0107688591696
10542	145	0.0135	0.9917	0.9797	0.0105	2.2	0.0119918130737
10555	145	0.0135	0.9929	0.9797	0.0097	2.22	0.0132147669777
10561	145	0.0135	0.9935	0.9797	0.0093	2.24	0.0137792072411
10571	145	0.0135	0.9944	0.9797	0.0086	2.26	0.0147199410134
10585	145	0.0135	0.9957	0.9797	0.0075	2.28	0.0160369682947
10594	145	0.0135	0.9966	0.9797	0.0067	2.3	0.0168836286898
10601	145	0.0134	0.9972	0.9797	0.0060	2.32	0.0175421423305
10604	145	0.0134	0.9975	0.9797	0.0057	2.34	0.0178243624622
10610	145	0.0134	0.9981	0.9797	0.0050	2.36	0.0183888027256
10615	145	0.0134	0.9985	0.9797	0.0043	2.38	0.0188591696118
10619	145	0.0134	0.9989	0.9797	0.0037	2.4	0.0192354631207
10620	145	0.0134	0.9990	0.9797	0.0035	2.42	0.0193295364979
10621	145	0.0134	0.9991	0.9797	0.0033	2.44	0.0194236098752
10621	145	0.0134	0.9991	0.9797	0.0033	2.46	0.0194236098752
10622	145	0.0134	0.9992	0.9797	0.0031	2.48	0.0195176832524
10622	145	0.0134	0.9992	0.9797	0.0031	2.5	0.0195176832524
10622	145	0.0134	0.9992	0.9797	0.0031	2.52	0.0195176832524
10625	145	0.0134	0.9995	0.9797	0.0025	2.54	0.0197999033841
10626	145	0.0134	0.9996	0.9797	0.0022	2.56	0.0198939767613
10627	145	0.0134	0.9997	0.9797	0.0019	2.58	0.0199880501386
10628	145	0.0134	0.9998	0.9797	0.0015	2.6	0.0200821235158
10628	145	0.0134	0.9998	0.9797	0.0015	2.62	0.0200821235158
10628	145	0.0134	0.9998	0.9797	0.0015	2.64	0.0200821235158
10629	145	0.0134	0.9999	0.9797	0.0011	2.66	0.020176196893
10629	145	0.0134	0.9999	0.9797	0.0011	2.68	0.020176196893
10629	145	0.0134	0.9999	0.9797	0.0011	2.7	0.020176196893
10629	145	0.0134	0.9999	0.9797	0.0011	2.72	0.020176196893
10630	145	0.0134	   1.0	0.9797	   0.0	2.74	0.0202702702703
10630	145	0.0134	   1.0	0.9797	   0.0	2.76	0.0202702702703
10630	145	0.0134	   1.0	0.9797	   0.0	2.78	0.0202702702703
10630	145	0.0134	   1.0	0.9797	   0.0	2.8	0.0202702702703
10630	145	0.0134	   1.0	0.9797	   0.0	2.82	0.0202702702703
10630	145	0.0134	   1.0	0.9797	   0.0	2.84	0.0202702702703
10630	145	0.0134	   1.0	0.9797	   0.0	2.86	0.0202702702703
10630	145	0.0134	   1.0	0.9797	   0.0	2.88	0.0202702702703
10630	145	0.0134	   1.0	0.9797	   0.0	2.9	0.0202702702703
10630	145	0.0134	   1.0	0.9797	   0.0	2.92	0.0202702702703
10630	145	0.0134	   1.0	0.9797	   0.0	2.94	0.0202702702703
10630	145	0.0134	   1.0	0.9797	   0.0	2.96	0.0202702702703
10630	145	0.0134	   1.0	0.9797	   0.0	2.98	0.0202702702703
